\begin{table}[h]
\centering
\begin{tabular}{cccccccccccc}
          & sf    & rf    & rest  & dt    & dCD & $\sigma_n$ & $\tau_\%$ &
          dens & $\mu_{sh}$  & $\mu_{psh}$ & $\rho_b$ \\
\hline
sf    & 100.00 & 0.55  & 0.04  & 0.00  & 1.63  & 0.00  & 0.45  & 0.00  & 3.84  & 87.26 & 8.39 \\
    rf    & 0.55  & 100.00 & 0.15  & 0.00  & 5.97  & 0.00  & 1.80  & 0.00  & 58.92 & 33.70 & 3.10 \\
    rest  & 0.04  & 0.15  & 100.00 & 0.00  & 27.59 & 0.00  & 8.09  & 0.00  & 15.52 & 0.57  & 1.71 \\
    dt    & 0.00  & 0.00  & 0.00  & 100.00 & 0.00  & 100.00 & 0.00  & 0.00  & 0.00  & 0.00  & 0.00 \\
    dCD & 1.63  & 5.97  & 27.59 & 0.00  & 100.00 & 0.00  & 29.39 & 0.00  & 28.80 & 19.16 & 9.60 \\
    $\sigma_n$ & 0.00  & 0.00  & 0.00  & 100.00 & 0.00  & 100.00 & 0.00  & 0.00  & 0.00  & 0.00  & 0.00 \\
    $\tau_\%$ & 0.45  & 1.80  & 8.09  & 0.00  & 29.39 & 0.00  & 100.00 & 0.00  & 5.73  & 5.38  & 0.51 \\
    dens  & 0.00  & 0.00  & 0.00  & 0.00  & 0.00  & 0.00  & 0.00  & 100.00 & 4.98  & 5.71  & 99.00 \\
    $\mu_{sh}$  & 3.84  & 58.92 & 15.52 & 0.00  & 28.80 & 0.00  & 5.73  & 4.98  & 100.00 & 26.03 & 9.52 \\
    $\mu_{psh}$ & 87.26 & 33.70 & 0.57  & 0.00  & 19.16 & 0.00  & 5.38  & 5.71 
    & 26.03 & 100.00 & 4.33 \\
    $\rho_b$  & 8.39  & 3.10  & 1.71  & 0.00  & 9.60  & 0.00  & 0.51  & 99.00 & 9.52  & 4.33  & 100.00 \\
\hline
\end{tabular}
\caption{Values of linear relationship between considered variables multiplied
for 100}
\label{tab:06inputRelationshipTable}
\end{table}